0  4.85609e-05  -0.000192121  0.000424407  -0.000735265  0.00111111  -0.00153552  0.00198994  -0.00245451  0.00290893  -0.00333333  0.00370918  -0.00402004  0.00425232  -0.00439588  0.00444444  -0.00439588  0.00425232  -0.00402004  0.00370918  -0.00333333  0.00290893  -0.00245451  0.00198994  -0.00153552  0.00111111  -0.000735265  0.000424407  -0.000192121  4.85609e-05  
0  0  8.60127e-05  -0.000300201  0.00060494  -0.000979263  0.00140444  -0.00186105  0.00232884  -0.00278733  0.00321652  -0.0035978  0.00391468  -0.0041535  0.00430404  -0.00435996  0.00431904  -0.00418333  0.00395897  -0.00365603  0.00328796  -0.00287107  0.00242379  -0.00196585  0.00151746  -0.00109835  0.000726978  -0.000419692  0.000190009  -4.80303e-05  
0  0  0  8.89121e-05  -0.000324132  0.000661766  -0.00106878  0.00151837  -0.00198641  0.00245029  -0.00288878  0.00328246  -0.0036143  0.00387022  -0.00403966  0.00411592  -0.00409647  0.003983  -0.00378134  0.00350117  -0.00315558  0.0027605  -0.00233398  0.0018954  -0.00146458  0.00106096  -0.000702692  0.000405873  -0.000183816  4.64744e-05  
0  0  0  0  8.62189e-05  -0.000319797  0.000659539  -0.00106835  0.00151443  -0.00196998  0.00241037  -0.00281387  0.00316182  -0.00343896  0.00363374  -0.00373868  0.00375049  -0.00367019  0.00350291  -0.00325766  0.00294687  -0.00258578  0.00219181  -0.00178368  0.00138063  -0.00100154  0.000664064  -0.000383879  0.000173956  -4.39965e-05  
0  0  0  0  0  8.12884e-05  -0.000302951  0.000626926  -0.00101601  0.00143682  -0.00186007  0.00226047  -0.00261661  0.0029111  -0.00313069  0.00326644  -0.00331384  0.00327271  -0.00314713  0.00294504  -0.00267786  0.00235985  -0.00200745  0.00163848  -0.00127132  0.000924044  -0.000613627  0.000355135  -0.000161061  4.07546e-05  
0  0  0  0  0  0  7.50238e-05  -0.000279266  0.00057724  -0.00093324  0.00131446  -0.00169205  0.00204147  -0.00234262  0.00257997  -0.0027426  0.00282422  -0.00282306  0.00274167  -0.00258658  0.00236781  -0.00209832  0.00179327  -0.00146928  0.00114362  -0.000833333  0.000554492  -0.000321393  0.000145911  -3.6944e-05  
0  0  0  0  0  0  0  6.78963e-05  -0.000251608  0.000517913  -0.000833333  0.00116694  -0.00149164  0.00178477  -0.00202835  0.00220922  -0.002319  0.00235396  -0.00231481  0.00220632  -0.00203681  0.00181762  -0.00156237  0.0012862  -0.00100501  0.000734629  -0.000490019  0.00028455  -0.000129352  3.27763e-05  
0  0  0  0  0  0  0  0  6.02654e-05  -0.00022188  0.000453868  -0.000725416  0.00100825  -0.00127788  0.00151427  -0.00170209  0.00183083  -0.00189469  0.00189233  -0.00182653  0.00170372  -0.00153336  0.00132728  -0.00109897  0.000862752  -0.000633026  0.000423498  -0.00024647  0.000112215  -2.84601e-05  
0  0  0  0  0  0  0  0  0  5.24442e-05  -0.000191549  0.000388744  -0.000616189  0.000848719  -0.00106495  0.00124786  -0.00138502  0.00146864  -0.00149534  0.00146586  -0.00138458  0.00125897  -0.00109897  0.000916206  -0.000723298  0.000533085  -0.000357888  0.000208834  -9.52541e-05  2.41845e-05  
0  0  0  0  0  0  0  0  0  0  4.47112e-05  -0.000161812  0.000325355  -0.000510689  0.000695999  -0.000863209  0.000998447  -0.00109219  0.0011392  -0.00113824  0.00109169  -0.00100501  0.000886144  -0.000744832  0.000591902  -0.000438549  0.000295634  -0.000173041  7.90972e-05  -2.01077e-05  
0  0  0  0  0  0  0  0  0  0  0  3.73069e-05  -0.000133631  0.000265858  -0.000412634  0.000555556  -0.000679856  0.000774721  -0.000833333  0.000852703  -0.000833333  0.000778758  -0.000694985  0.000589866  -0.000472429  0.000352208  -0.000238578  0.000140149  -6.42224e-05  1.63503e-05  
0  0  0  0  0  0  0  0  0  0  0  0  3.04271e-05  -0.00010775  0.000211823  -0.000324593  0.000430983  -0.000519364  0.000581728  -0.000613627  0.000613916  -0.000584369  0.000529183  -0.000454408  0.000367335  -0.000275872  0.000187932  -0.000110864  5.09513e-05  -1.29939e-05  
0  0  0  0  0  0  0  0  0  0  0  0  0  2.42189e-05  -8.46876e-05  0.00016427  -0.000248109  0.00032424  -0.000383879  0.000421463  -0.000434489  0.000423204  -0.00039018  0.000339815  -0.000277778  0.000210441  -0.000144322  8.55618e-05  -3.94576e-05  1.00829e-05  
0  0  0  0  0  0  0  0  0  0  0  0  0  0  1.87776e-05  -6.47472e-05  0.000123717  -0.000183816  0.000235887  -0.000273611  0.00029344  -0.000294366  0.000277568  -0.000245983  0.000203817  -0.000156038  0.000107872  -6.43298e-05  2.97864e-05  -7.62955e-06  
0  0  0  0  0  0  0  0  0  0  0  0  0  0  0  1.41487e-05  -4.80303e-05  9.02305e-05  -0.000131574  0.000165333  -0.000187231  0.000195286  -0.00018954  0.000171685  -0.000144655  0.000112171  -7.8299e-05  4.70252e-05  -2.18792e-05  5.61996e-06  
0  0  0  0  0  0  0  0  0  0  0  0  0  0  0  0  1.03313e-05  -3.44617e-05  6.35027e-05  -9.06219e-05  0.000111111  -0.000122298  0.000123338  -0.000114914  9.88879e-05  -7.79096e-05  5.50318e-05  -3.33363e-05  1.56009e-05  -4.02086e-06  
0  0  0  0  0  0  0  0  0  0  0  0  0  0  0  0  0  7.28522e-06  -2.38226e-05  4.29345e-05  -5.97462e-05  7.1153e-05  -7.56707e-05  7.32011e-05  -6.47381e-05  5.20428e-05  -3.73089e-05  2.28414e-05  -1.0766e-05  2.78621e-06  
0  0  0  0  0  0  0  0  0  0  0  0  0  0  0  0  0  0  4.93976e-06  -1.57884e-05  2.77284e-05  -3.74518e-05  4.30612e-05  -4.38892e-05  4.02617e-05  -3.32269e-05  2.42745e-05  -1.50611e-05  7.16232e-06  -1.86308e-06  
0  0  0  0  0  0  0  0  0  0  0  0  0  0  0  0  0  0  0  3.20314e-06  -9.96919e-06  1.69803e-05  -2.2123e-05  2.4354e-05  -2.3513e-05  2.01026e-05  -1.50548e-05  9.50268e-06  -4.5704e-06  1.19654e-06  
0  0  0  0  0  0  0  0  0  0  0  0  0  0  0  0  0  0  0  0  1.97252e-06  -5.94869e-06  9.76409e-06  -1.21664e-05  1.26708e-05  -1.13845e-05  8.81731e-06  -5.69357e-06  2.77899e-06  -7.33606e-07  
0  0  0  0  0  0  0  0  0  0  0  0  0  0  0  0  0  0  0  0  0  1.14308e-06  -3.31832e-06  5.20247e-06  -6.12376e-06  5.92495e-06  -4.81267e-06  3.20599e-06  -1.596e-06  4.25962e-07  
0  0  0  0  0  0  0  0  0  0  0  0  0  0  0  0  0  0  0  0  0  0  6.15781e-07  -1.70494e-06  2.52075e-06  -2.7509e-06  2.40028e-06  -1.67189e-06  8.55407e-07  -2.31742e-07  
0  0  0  0  0  0  0  0  0  0  0  0  0  0  0  0  0  0  0  0  0  0  0  3.03193e-07  -7.90027e-07  1.08026e-06  -1.05994e-06  7.90092e-07  -4.20668e-07  1.16405e-07  
0  0  0  0  0  0  0  0  0  0  0  0  0  0  0  0  0  0  0  0  0  0  0  0  1.33162e-07  -3.19932e-07  3.91848e-07  -3.26895e-07  1.85109e-07  -5.28636e-08  
0  0  0  0  0  0  0  0  0  0  0  0  0  0  0  0  0  0  0  0  0  0  0  0  0  5.02829e-08  -1.07695e-07  1.11455e-07  -7.00506e-08  2.10347e-08  
0  0  0  0  0  0  0  0  0  0  0  0  0  0  0  0  0  0  0  0  0  0  0  0  0  0  1.53783e-08  -2.76013e-08  2.1276e-08  -6.97548e-09  
0  0  0  0  0  0  0  0  0  0  0  0  0  0  0  0  0  0  0  0  0  0  0  0  0  0  0  3.42361e-09  -4.50225e-09  1.76588e-09  
0  0  0  0  0  0  0  0  0  0  0  0  0  0  0  0  0  0  0  0  0  0  0  0  0  0  0  0  4.43946e-10  -2.85292e-10  
0  0  0  0  0  0  0  0  0  0  0  0  0  0  0  0  0  0  0  0  0  0  0  0  0  0  0  0  0  1.79539e-11  
0  0  0  0  0  0  0  0  0  0  0  0  0  0  0  0  0  0  0  0  0  0  0  0  0  0  0  0  0  0  
